51 77 79 55 (155) [0 6 7 9 10 17 18 20 25 31 36 44 46 48 49 50 52 61 67 68 69 70 74 75 86 89 94 101 105 106 108 109 110 112 113 118 122 131 142 146 148 149 151 159 160 164 168 169 172 176 182 183 189 192 194 195 197 202 207 208 216 219 221 223 230 231 233 235 237 243 244 252 256 261 268 270 273 274 276 281 287 294 299 305 307 311 314 316 322 324 327 338 339 344 346 349 352 355 361 362 363 364 367 371 372 374 375 380 385 387 389 399 401 402 403 408 409 412 413 414 415 417 420 424 425 427 431 435 437 438 442 443 444 446 449 450 456 458 460 463 466 469 472 473 474 475 477 480 482 483 488 491 497 499 501]
1 4 77 78 (140) [3 4 5 13 19 20 22 25 26 28 31 32 39 41 42 47 48 50 51 54 59 67 73 74 75 76 77 78 82 85 89 92 94 99 105 108 118 121 124 127 129 130 135 136 137 139 142 143 144 148 149 151 156 158 159 160 173 175 183 188 189 192 196 202 203 205 206 207 209 210 213 214 215 217 221 228 233 249 250 252 255 256 258 277 280 283 290 292 297 299 302 312 323 327 335 339 341 345 348 354 361 365 370 372 373 378 379 380 381 385 389 390 391 395 399 401 402 404 405 407 410 416 421 426 428 429 435 441 443 447 456 459 463 468 476 484 489 491 495 499]
8 74 10 84 20 (41) [383 393 11 13 151 408 24 284 412 417 302 175 431 433 308 311 318 69 70 203 205 206 333 464 87 343 346 355 228 101 104 106 362 237 239 368 242 374 124 382 127]
32 34 68 74 22 (55) [1 259 131 5 7 136 267 12 397 275 406 407 408 281 412 161 162 419 417 37 294 168 176 178 434 53 182 438 311 185 313 442 188 67 200 331 208 470 87 88 344 473 350 483 356 355 231 107 368 242 371 117 374 119 253]
84 30 (84) [10 11 15 17 31 33 38 39 49 58 67 74 89 97 98 108 109 113 122 133 139 142 148 158 165 179 180 187 196 197 208 209 213 216 224 227 243 247 250 255 256 266 273 277 288 290 292 297 305 308 318 321 322 324 337 355 360 368 371 384 386 400 401 418 422 423 425 438 439 443 444 448 451 460 463 464 468 470 475 488 492 495 496 501]
74 23 5 63 (42) [128 130 260 389 390 135 392 137 266 139 395 11 13 15 152 411 156 33 165 421 174 308 314 190 191 195 327 203 78 335 206 465 211 347 92 221 353 101 359 249 379 381]
77 79 55 (224) [0 1 3 6 7 8 9 10 12 17 18 20 25 30 31 36 37 38 44 46 48 49 50 51 52 55 56 61 63 67 68 69 70 74 75 78 80 85 86 89 90 91 94 101 102 105 106 108 109 110 112 113 118 122 125 131 132 138 141 142 143 146 148 149 151 154 155 159 160 162 164 166 167 168 169 171 172 176 182 183 184 189 190 192 193 194 195 197 202 207 208 216 217 219 220 221 222 223 228 230 231 233 234 235 237 243 244 251 252 253 256 261 268 270 273 274 275 276 281 284 286 287 294 299 303 305 307 310 311 314 316 320 322 324 327 328 329 330 331 337 338 339 340 342 344 346 349 352 355 358 360 361 362 363 364 367 369 371 372 374 375 380 385 387 389 391 397 399 401 402 403 404 406 408 409 412 413 414 415 417 420 423 424 425 427 431 435 437 438 442 443 444 445 446 449 450 456 458 460 463 466 467 469 470 471 472 473 474 475 477 480 482 483 485 488 489 490 491 493 497 498 499 500 501]
1 68 72 9 15 60 (37) [258 136 140 142 276 149 150 23 415 289 34 294 425 426 427 45 173 50 179 435 183 440 56 316 192 195 201 76 463 339 352 225 100 116 244 251 252]
70 34 22 (48) [257 259 5 263 7 11 12 267 273 403 276 277 275 407 281 27 155 413 158 420 37 40 425 303 50 306 308 313 443 188 200 457 330 460 79 473 346 91 481 483 101 102 103 104 241 246 122 253]
49 74 (97) [1 16 18 26 28 37 43 47 52 65 72 81 83 85 89 101 103 104 105 106 112 116 131 137 142 146 151 157 166 168 169 182 207 208 211 212 221 223 231 237 251 275 281 285 294 305 311 314 316 317 321 325 328 333 334 339 344 346 350 352 355 361 362 367 371 375 376 377 378 381 388 389 390 391 395 408 417 420 424 427 431 433 438 441 446 451 459 460 473 481 483 488 491 493 497 498 501]
1 4 77 78 79 51 55 (45) [256 385 389 142 399 401 402 20 148 149 151 25 159 160 31 299 48 50 435 183 443 189 192 67 327 456 74 75 202 207 463 339 89 221 94 105 233 361 108 491 499 372 118 380 252]
8 74 10 77 79 51 84 20 55 (15) [417 355 69 70 101 106 362 237 431 374 151 408 346 412 311]
32 34 68 74 77 79 51 22 55 (22) [131 7 408 281 412 417 294 168 176 182 438 311 442 67 208 344 473 483 355 231 371 374]
51 84 55 77 30 79 (34) [256 10 142 17 273 401 148 31 425 49 305 438 443 444 322 67 324 197 74 460 463 208 216 89 475 355 488 108 109 113 243 371 501 122]
5 74 77 79 51 23 55 63 (6) [195 389 101 327 314 221]
1 68 72 9 77 79 15 51 55 60 (18) [192 352 195 294 425 427 142 463 50 435 276 149 339 183 244 252 316 415]
34 51 70 55 22 77 79 (16) [483 420 101 122 7 425 460 473 273 50 403 276 281 346 443 413]
1 4 8 74 10 77 78 84 20 (10) [228 203 13 302 175 205 206 151 124 127]
32 1 34 4 68 74 77 78 22 (5) [67 5 136 407 188]
1 4 84 30 77 78 (25) [256 139 142 401 148 277 158 31 290 292 39 297 443 67 196 74 463 209 468 213 89 108 495 250 255]
1 4 5 74 77 78 23 63 (20) [130 389 390 135 137 139 395 13 156 421 327 203 78 335 206 92 221 249 379 381]
1 4 68 72 9 77 78 15 60 (14) [192 258 136 426 76 173 142 463 50 435 339 149 183 252]
1 34 4 70 22 77 78 (7) [5 50 277 407 443 188 158]
32 34 68 8 10 74 84 20 22 (9) [417 355 368 242 374 87 408 412 311]
10 84 20 8 74 30 (6) [355 11 464 368 308 318]
5 8 10 74 84 20 23 63 (6) [101 11 203 13 206 308]
34 10 84 20 70 22 8 74 (5) [101 104 11 308 346]
32 34 68 84 22 74 30 (7) [355 67 208 368 371 470 438]
32 1 34 68 72 9 74 15 22 60 (2) [136 294]
32 34 68 22 70 74 (15) [259 483 5 37 7 313 200 267 12 473 275 407 281 188 253]
84 5 23 74 30 63 (7) [33 165 266 11 139 15 308]
1 68 72 9 15 84 60 30 (4) [425 179 142 463]
34 84 70 22 30 (9) [425 11 460 273 308 277 122 443 158]
1 4 77 78 79 51 84 55 30 (11) [256 67 74 108 142 463 401 148 89 443 31]
1 4 5 74 77 78 79 51 23 55 63 (3) [221 389 327]
1 4 68 72 9 77 78 79 15 51 55 60 (9) [192 142 463 50 435 339 149 183 252]
1 34 4 70 77 78 79 51 22 55 (2) [50 443]
1 4 74 77 78 79 49 51 55 (10) [389 105 361 491 142 207 339 151 89 221]
32 34 68 8 10 74 77 79 51 84 20 22 55 (6) [417 355 374 311 408 412]
8 10 74 77 79 49 51 84 20 55 (11) [417 355 101 106 362 237 431 151 408 346 311]
32 34 68 74 77 79 51 84 22 55 30 (5) [67 355 208 371 438]
32 34 68 70 74 77 79 51 22 55 (4) [473 483 281 7]
32 34 68 74 77 79 49 51 22 55 (16) [417 131 344 483 294 355 168 231 473 208 371 182 438 408 281 311]
1 68 72 9 77 79 15 51 84 55 60 30 (3) [425 142 463]
34 70 77 79 51 84 22 55 30 (5) [425 460 273 122 443]
74 77 79 49 51 84 55 30 (10) [355 488 460 142 208 305 371 501 438 89]
1 68 5 72 9 74 77 79 15 51 23 55 60 63 (1) [195]
5 74 77 79 49 51 23 55 63 (4) [221 101 314 389]
1 34 68 70 72 9 77 79 15 51 22 55 60 (3) [425 50 276]
1 68 72 9 74 77 79 15 49 51 55 60 (6) [352 294 427 142 339 316]
1 4 5 8 10 74 77 78 84 20 23 63 (3) [203 13 206]
32 1 34 4 68 72 9 74 77 78 15 22 60 (1) [136]
32 1 34 4 68 70 74 77 78 22 (3) [188 5 407]
1 4 5 74 77 78 84 23 30 63 (1) [139]
1 34 4 70 77 78 84 22 30 (3) [443 277 158]
1 4 5 74 77 78 49 23 63 (6) [389 390 137 395 221 381]
32 34 68 8 10 74 84 20 22 30 (2) [368 355]
34 5 70 8 10 74 84 20 22 23 63 (3) [11 308 101]
1 4 8 10 74 77 78 79 49 51 84 20 55 (1) [151]
32 1 34 4 68 74 77 78 79 51 84 22 55 30 (1) [67]
1 4 68 72 9 77 78 79 15 51 84 55 60 30 (2) [142 463]
1 34 4 70 77 78 79 51 84 22 55 30 (1) [443]
1 4 74 77 78 79 49 51 84 55 30 (2) [89 142]
1 4 5 74 77 78 79 49 51 23 55 63 (2) [221 389]
1 4 68 70 72 9 77 78 79 15 22 34 51 55 60 (1) [50]
1 4 68 72 9 74 77 78 79 15 49 51 55 60 (2) [339 142]
32 34 68 8 74 10 77 79 49 51 84 20 22 55 (4) [408 417 355 311]
34 70 8 74 10 77 79 49 51 84 20 22 55 (2) [346 101]
32 34 68 74 77 79 49 51 84 22 55 30 (4) [208 371 355 438]
32 1 34 68 72 9 74 77 79 15 49 51 22 55 60 (1) [294]
32 34 68 70 74 77 79 49 51 22 55 (3) [473 483 281]
1 34 68 70 72 9 77 79 15 51 84 22 55 60 30 (1) [425]
34 70 74 77 79 49 51 84 22 55 30 (1) [460]
34 5 70 8 10 74 84 20 22 23 30 63 (2) [11 308]
1 4 68 72 9 74 77 78 79 15 84 30 49 51 55 60 (1) [142]
32 34 68 8 10 74 77 79 49 51 84 20 22 55 30 (1) [355]
5 70 8 10 74 77 79 84 20 22 23 34 49 51 55 63 (1) [101]
34 70 74 77 79 49 51 22 55 (7) [483 420 101 281 460 473 346]
49 51 55 74 77 79 (52) [131 389 142 18 146 151 408 281 417 420 294 168 169 424 427 431 305 52 182 311 438 314 316 446 460 207 208 339 344 89 346 473 221 223 352 355 483 101 231 488 105 106 361 362 237 491 367 112 497 371 501 375]
1 49 4 74 77 78 (22) [389 390 391 137 395 142 151 26 28 47 441 459 207 339 85 89 221 105 361 491 378 381]
34 70 8 10 74 49 84 20 22 (3) [104 346 101]
49 10 84 20 8 74 (14) [417 355 101 104 106 362 333 237 431 433 151 408 346 311]
32 49 34 68 22 70 74 (5) [483 37 281 275 473]
32 49 34 68 22 74 (20) [1 131 275 408 281 417 37 294 168 182 438 311 208 344 473 350 483 355 231 371]
49 74 84 30 (12) [321 355 451 488 460 142 208 305 371 501 438 89]
49 5 23 74 63 (9) [389 390 101 137 395 381 211 314 221]
49 34 70 55 22 74 77 79 (9) [483 420 37 101 460 473 275 281 346]
49 55 74 77 79 (62) [1 131 389 391 142 18 146 275 151 408 281 417 420 37 166 294 168 169 424 427 431 305 52 182 311 438 314 316 446 328 460 207 208 339 85 344 89 346 473 221 223 352 355 483 101 231 488 105 106 361 362 237 491 367 112 493 497 371 498 501 375 251]
1 49 68 72 9 74 60 15 (8) [352 294 427 142 339 116 251 316]
49 34 70 22 74 (12) [481 483 420 37 101 103 104 460 473 275 281 346]
